   7       0 loop0 14 0 34 3 0 0 0 0 0 16 3 0 0 0 0 0 0
   7       1 loop1 54 0 2146 83 0 0 0 0 0 72 83 0 0 0 0 0 0
   7       2 loop2 62 0 2176 76 0 0 0 0 0 72 76 0 0 0 0 0 0
   7       3 loop3 43 0 696 31 0 0 0 0 0 44 31 0 0 0 0 0 0
   7       4 loop4 50 0 730 42 0 0 0 0 0 52 42 0 0 0 0 0 0
   7       5 loop5 57 0 2108 88 0 0 0 0 0 52 88 0 0 0 0 0 0
   7       6 loop6 392 0 11480 298 0 0 0 0 0 932 298 0 0 0 0 0 0
   7       7 loop7 45 0 702 36 0 0 0 0 0 52 36 0 0 0 0 0 0
  11       0 sr0 11 0 5 4 0 0 0 0 0 28 4 0 0 0 0 0 0
   8       0 sda 30024 8263 3107908 17534 3833 2788 576600 3787 0 23440 21321 0 0 0 0 0 0
   8       1 sda1 145 25 10402 80 24 14 304 15 0 148 95 0 0 0 0 0 0
   8       2 sda2 2 0 4 3 0 0 0 0 0 8 3 0 0 0 0 0 0
   8       5 sda5 1765 620 253178 1235 13 10 184 7 0 2508 1242 0 0 0 0 0 0
   8       6 sda6 3699 1534 182864 1915 609 1265 21192 460 0 3460 2375 0 0 0 0 0 0
   8       7 sda7 10336 999 1132594 5269 3173 1496 554784 3298 0 10424 8568 0 0 0 0 0 0
   8       8 sda8 86 0 6504 53 0 0 0 0 0 88 53 0 0 0 0 0 0
   8       9 sda9 13856 5085 1517906 8914 14 3 136 5 0 13016 8919 0 0 0 0 0 0
   7       9 loop9 60 0 2194 101 0 0 0 0 0 88 101 0 0 0 0 0 0
   7       8 loop8 50 0 728 61 0 0 0 0 0 76 61 0 0 0 0 0 0
   7      10 loop10 58 0 2216 101 0 0 0 0 0 104 101 0 0 0 0 0 0
   7      11 loop11 57 0 2132 123 0 0 0 0 0 76 123 0 0 0 0 0 0
   7      12 loop12 2120 0 51786 1022 0 0 0 0 0 1848 1022 0 0 0 0 0 0
   7      14 loop14 84 0 3186 99 0 0 0 0 0 196 99 0 0 0 0 0 0
   7      16 loop16 43 0 696 41 0 0 0 0 0 52 41 0 0 0 0 0 0
   7      13 loop13 221 0 6556 159 0 0 0 0 0 584 159 0 0 0 0 0 0
   7      15 loop15 52 0 2168 102 0 0 0 0 0 80 102 0 0 0 0 0 0
   7      17 loop17 1800 0 10850 301 0 0 0 0 0 416 301 0 0 0 0 0 0
   7      18 loop18 11 0 28 1 0 0 0 0 0 4 1 0 0 0 0 0 0
